>> A = [ 0  1  1  0  0  0  0  0  0  0 ; 1  0  0  1  0  0  0  0  0  0 ; 1  0  0  0  1  0  0  0  0  0 ;  0  1  0  0  0  1  0  0  0  0 ; 0  0  1  0  0  0  1  0  0  0; 0  0  0  1  0  0  0  1  0  0 ; 0  0  0  0  1  0  0  0  1  0 ; 0  0  0  0  0  1  0  0  0  1 ;  0  0  0  0  0  0  1  0  0  0 ; 0  0  0  0  0  0  0  1  0  0 ] 

A =

     0     1     1     0     0     0     0     0     0     0
     1     0     0     1     0     0     0     0     0     0
     1     0     0     0     1     0     0     0     0     0
     0     1     0     0     0     1     0     0     0     0
     0     0     1     0     0     0     1     0     0     0
     0     0     0     1     0     0     0     1     0     0
     0     0     0     0     1     0     0     0     1     0
     0     0     0     0     0     1     0     0     0     1
     0     0     0     0     0     0     1     0     0     0
     0     0     0     0     0     0     0     1     0     0

>> A^2

ans =

     2     0     0     1     1     0     0     0     0     0
     0     2     1     0     0     1     0     0     0     0
     0     1     2     0     0     0     1     0     0     0
     1     0     0     2     0     0     0     1     0     0
     1     0     0     0     2     0     0     0     1     0
     0     1     0     0     0     2     0     0     0     1
     0     0     1     0     0     0     2     0     0     0
     0     0     0     1     0     0     0     2     0     0
     0     0     0     0     1     0     0     0     1     0
     0     0     0     0     0     1     0     0     0     1

>> A^3

ans =

     0     3     3     0     0     1     1     0     0     0
     3     0     0     3     1     0     0     1     0     0
     3     0     0     1     3     0     0     0     1     0
     0     3     1     0     0     3     0     0     0     1
     0     1     3     0     0     0     3     0     0     0
     1     0     0     3     0     0     0     3     0     0
     1     0     0     0     3     0     0     0     2     0
     0     1     0     0     0     3     0     0     0     2
     0     0     1     0     0     0     2     0     0     0
     0     0     0     1     0     0     0     2     0     0

>> A^4

ans =

     6     0     0     4     4     0     0     1     1     0
     0     6     4     0     0     4     1     0     0     1
     0     4     6     0     0     1     4     0     0     0
     4     0     0     6     1     0     0     4     0     0
     4     0     0     1     6     0     0     0     3     0
     0     4     1     0     0     6     0     0     0     3
     0     1     4     0     0     0     5     0     0     0
     1     0     0     4     0     0     0     5     0     0
     1     0     0     0     3     0     0     0     2     0
     0     1     0     0     0     3     0     0     0     2

>> A^5

ans =

     0    10    10     0     0     5     5     0     0     1
    10     0     0    10     5     0     0     5     1     0
    10     0     0     5    10     0     0     1     4     0
     0    10     5     0     0    10     1     0     0     4
     0     5    10     0     0     1     9     0     0     0
     5     0     0    10     1     0     0     9     0     0
     5     0     0     1     9     0     0     0     5     0
     0     5     1     0     0     9     0     0     0     5
     0     1     4     0     0     0     5     0     0     0
     1     0     0     4     0     0     0     5     0     0

>> A^6

ans =

    20     0     0    15    15     0     0     6     5     0
     0    20    15     0     0    15     6     0     0     5
     0    15    20     0     0     6    14     0     0     1
    15     0     0    20     6     0     0    14     1     0
    15     0     0     6    19     0     0     1     9     0
     0    15     6     0     0    19     1     0     0     9
     0     6    14     0     0     1    14     0     0     0
     6     0     0    14     1     0     0    14     0     0
     5     0     0     1     9     0     0     0     5     0
     0     5     1     0     0     9     0     0     0     5

>> A^7

ans =

     0    35    35     0     0    21    20     0     0     6
    35     0     0    35    21     0     0    20     6     0
    35     0     0    21    34     0     0     7    14     0
     0    35    21     0     0    34     7     0     0    14
     0    21    34     0     0     7    28     0     0     1
    21     0     0    34     7     0     0    28     1     0
    20     0     0     7    28     0     0     1    14     0
     0    20     7     0     0    28     1     0     0    14
     0     6    14     0     0     1    14     0     0     0
     6     0     0    14     1     0     0    14     0     0

>> A^8

ans =

    70     0     0    56    55     0     0    27    20     0
     0    70    56     0     0    55    27     0     0    20
     0    56    69     0     0    28    48     0     0     7
    56     0     0    69    28     0     0    48     7     0
    55     0     0    28    62     0     0     8    28     0
     0    55    28     0     0    62     8     0     0    28
     0    27    48     0     0     8    42     0     0     1
    27     0     0    48     8     0     0    42     1     0
    20     0     0     7    28     0     0     1    14     0
     0    20     7     0     0    28     1     0     0    14

>> A^9

ans =

     0   126   125     0     0    83    75     0     0    27
   126     0     0   125    83     0     0    75    27     0
   125     0     0    84   117     0     0    35    48     0
     0   125    84     0     0   117    35     0     0    48
     0    83   117     0     0    36    90     0     0     8
    83     0     0   117    36     0     0    90     8     0
    75     0     0    35    90     0     0     9    42     0
     0    75    35     0     0    90     9     0     0    42
     0    27    48     0     0     8    42     0     0     1
    27     0     0    48     8     0     0    42     1     0

>> A+A^2+A^3+A^4+A^5+A^6+A^7+A^8+A^9

ans =

    98   175   174    76    75   110   101    34    26    34
   175    98    76   174   110    75    34   101    34    26
   174    76    97   111   165    35    67    43    67     8
    76   174   111    97    35   165    43    67     8    67
    75   110   165    35    89    44   131     9    41     9
   110    75    35   165    44    89     9   131     9    41
   101    34    67    43   131     9    63    10    64     1
    34   101    43    67     9   131    10    63     1    64
    26    34    67     8    41     9    64     1    22     1
    34    26     8    67     9    41     1    64     1    22

>> 